0 9644 13482 21136 21434 21465 21475 27608 36825 37232 41009 48957 52987 60856 68471 74258 79698 82890 83107 84827 
91390 94374 102272 108402 113219 117869 125696 134997 135563 143324 143894 149633 154309 161449 169479 172344 181355 187297 188454 195196 
198074 201240 204867 208054 210500 212216 219890 220444 228410 236733 240855 241666 245766 247854 251087 256053 260480 261512 262337 269057 
278671 287854 290474 291881 295654 298794 306492 313293 319778 328534 329038 334831 336968 346045 351468 353666 354207 360618 364811 370013 
379382 386170 387297 389414 395619 400340 406634 410556 414744 419502 427244 427532 433534 434484 439824 445058 449474 450890 453757 457658 
463553 471917 474659 477456 482475 492428 492477 492700 492787 500203 500967 505905 507595 508931 512888 516075 518248 519891 525191 532084 
537740 545975 551995 552843 555547 565429 570276 576790 577662 582383 584431 585630 591618 594433 595853 604258 606581 609084 611100 617694 
622649 628773 633854 635422 641222 643916 651324 651905 656622 661583 666518 668363 674867 675304 684425 689547 692478 697430 706177 713660 
721538 725957 726524 734368 740428 740582 750114 751617 755095 758939 761399 770903 776775 779097 781960 787254 794006 799612 806141 815283 
817823 827714 830777 837770 844410 849759 856190 862767 864455 873755 880569 884504 889944 890594 896453 900138 900968 903010 908387 908537 
