1000000 999993 999990 999990 999981 999974 999969 999963 999963 999953 999945 999937 999933 999924 999920 999920 
999910 999902 999892 999885 999880 999878 999870 999868 999860 999860 999857 999852 999845 999844 999841 999838 999837 999829 999819 999815 
999809 999805 999801 999796 999793 999788 999783 999776 999769 999764 999764 999755 999751 999744 999744 999739 999737 999729 999724 999714 
999714 999714 999709 999700 999694 999691 999686 999682 999678 999671 999664 999655 999654 999644 999641 999631 999629 999627 999617 999617 
999609 999606 999597 999587 999587 999582 999579 999571 999567 999561 999553 999552 999545 999541 999531 999523 999517 999517 999507 999507 
999505 999501 999497 999491 999483 999477 999476 999468 999465 999460 999457 999457 999448 999442 999437 999433 999433 999433 999423 999420 
999417 999413 999407 999407 999404 999402 999400 999390 999380 999375 999368 999366 999359 999353 999343 999340 999332 999328 999328 999325 
999317 999317 999309 999300 999291 999283 999273 999264 999259 999250 999250 999242 999233 999228 999226 999220 999214 999209 999208 999206 
999197 999190 999190 999183 999182 999181 999180 999174 999173 999166 999157 999153 999147 999143 999137 999132 999132 999127 999123 999119 
999110 999107 999105 999101 999097 999088 999082 999076 999075 999075 999075 999072 999069 999069 999061 999052 999046 999040 999040 999034 
999030 999021 999016 999015 999014 999006 999003 998995 998995 998989 998989 998981 998974 998972 998967 998964 998963 998958 998955 998949 
998941 998933 998932 998922 998915 998914 998912 998912 998906 998906 998903 998896 998890 998885 998876 998875 998874 998866 998865 998857 
998849 998844 998844 998844 998834 998829 998824 998814 998805 998797 998788 998787 998782 998779 998777 998768 998760 998755 998752 998748 
998742 998738 998738 998733 998724 998715 998707 998699 998693 998688 998684 998682 998675 998669 998661 998660 998659 998650 998647 998638 
998637 998628 998627 998621 998617 998614 998609 998601 998599 998592 998584 998575 998574 998567 998564 998559 998553 998544 998544 998543 
998534 998533 998530 998522 998522 998512 998510 998504 998494 998494 998488 998482 998474 998474 998472 998468 998462 998452 998449 