108883 46750 609191 336940 698085 277504 943093 684624 991163 401308 458733 854880 946637 500017 170804 453240 890823 963423 292374 613573 
945448 466778 578431 593403 775369 512082 859583 688043 116236 774826 425253 884813 463286 50462 415748 215405 428852 288215 886487 442130 
42997 790268 394055 753307 499048 156722 51076 751901 19788 282131 256208 12261 928372 635213 927870 140961 152849 903258 961967 206434 
703033 853200 961819 928660 589820 986188 480749 570314 444457 929000 229929 72964 236457 383320 388665 383184 499148 798263 295882 238926 
201859 404416 283111 167926 334267 56497 463449 898028 964219 211651 131889 665276 415237 41819 526522 819067 967125 798425 822555 776835 
641786 698523 67124 654767 735009 692904 321374 625859 162355 382752 484806 590512 34863 761686 545889 659326 5878 603151 702402 470232 
138845 437524 306917 96719 709774 671885 88950 507529 474255 560371 583071 13934 932837 840379 714464 713114 123493 978540 365840 823455 
472458 616945 139614 808455 959976 867711 89688 645013 488503 440498 431263 677897 22213 352525 267272 323849 827657 889215 998613 971214 
953787 992372 136521 968434 221723 859833 338632 197881 526336 863772 784174 249596 24897 928814 35406 753322 828974 717786 543680 690673 
323798 977472 979004 604452 787904 497124 614247 139436 106624 407365 716991 525611 109947 763242 934623 388698 308587 292927 409303 862644 
359807 409265 857532 604882 857786 301101 410533 487350 474351 610653 495412 758873 330310 671664 256427 540004 75790 394918 149495 973240 
739888 797773 459924 594198 481224 501155 235635 146631 746051 394581 908842 193828 840675 788348 219692 496465 775348 761585 113171 319691 
194700 506634 217798 124150 695496 870428 454439 660926 244513 159216 915505 614267 680669 806382 410069 673938 565414 870433 207908 128888 
428125 518663 834384 296866 85159 462377 283259 276518 84853 73351 312415 244309 687971 207939 846406 561950 632955 364831 184100 459797 
73652 482570 146262 604343 327456 686613 254597 582815 789744 857646 22994 590163 568217 130870 826420 349938 888174 115075 498659 125610 
758012 815385 208065 300236 457109 428121 217703 809843 551525 633967 152995 845582 992600 98414 805608 